-0.296976342809639
-0.219126612510307
0.205338046983092
-0.136361570436306
-0.545088859731799
-0.574185286331416
-0.0883788595921159
0.286223895292744
0.0457643426710628
-0.176008121515426
0.568268683385355
-0.399901749227339
-0.685420242420702
-0.387998508965558
0.314975346349819
-0.320398100040304
-0.0477695821545448
0.0171349752603457
-0.290689472661135
-0.231721258052538
0.606738220308301
-0.351827016514538
0.322739509780035
-0.166756281137601
0.24713286912951
-0.28056257034787
0.359576450386798
-0.0833000017501845
-0.646428492122299
0.148292086904799
0.342228812954915
0.354756622538419
0.254000959756647
0.163508377406428
-0.149802478981681
0.307457148045555
0.255863085392945
-0.203149632931046
-0.117583425958883
0.949054261710617
-0.0070605727764222
-0.616707939472703
0.698955465112335
-0.201512230800514
0.194175605179246
0.0124290273921572
-0.239678060328758
0.185119637176419
-0.0172786964485966
0.0777394162764427
-0.221188097434285
-0.444774169633601
0.361734341661218
-0.303900292086644
0.0479242754220628
0.0579038934369398
-0.329260543433117
-0.413679627133102
-0.275238850042821
0.135453142857395
-0.181214459141958
-0.338373329460979
-0.0439647415551918
-0.653246740244879
-0.350557612741787
-0.0427765195482089
0.0428783834684705
0.350181330728188
0.162824385583877
-0.242671978219257
-0.628012750127527
-0.113007458540075
-0.120987908704849
0.666681748052277
-0.152834423768646
-0.202517241140714
0.200402889525323
0.62102552866314
0.948844995505561
0.44384595462934
-0.338561223869773
0.395482513310771
-0.206222871079138
0.555685778186316
-0.178727594127503
0.353020754657068
-0.0919546542936048
-0.777659623011117
-0.11179432215225
-0.586321016123413
-0.641149989019676
1.06187244341537
0.245372063106713
0.285902529050582
0.730636042291583
-0.209598589047192
-0.162239960035241
-0.170070245610345
0.0159548286550727
0.0666571340819034
-0.642835706587054
0.0712743849275378
-0.615395578285381
0.0580170476180307
-0.25887201495904
0.100034355980964
-0.409715850575052
1.16890792077063
0.194397961720797
-0.342054119614128
0.600008329909208
0.135371684586942
-0.0831159086791768
-0.547209110087638
-0.265755267843332
-0.174590746193551
0.130542027408691
-0.397316531700695
0.0244566240605674
-0.677072739143204
